100 200
524628 894633 25133 900220 657210 66393 48529 517449 452297 951037 817760 475038 978047 996286 671889 90364 365450 988012 144897 984927 30974 388559 841907 137946 454178 492363 454072 391696 701989 565806 82218 924044 635054 115226 596050 325054 470673 12618 792553 562643 419741 466690 594876 544623 891090 46167 795944 38410 273456 731928 596997 372900 985706 335896 486240 48934 276218 974553 545120 753879 133262 153943 845129 253303 588256 80430 363103 957628 140195 751720 50466 229478 32089 582759 214584 165697 203073 569068 558057 142199 402414 671873 212676 567951 573875 78793 199070 733382 398523 444578 144954 832328 99445 753076 1668 943691 73964 315161 643384 882057 
2 97
33 97
81 85
4 71
6 7
12 60
54 57
12 61
11 87
21 55
50 70
9 65
7 75
92 93
69 92
14 18
8 90
35 52
47 72
18 66
2 5
7 88
6 20
30 36
71 82
35 100
3 83
27 70
45 99
35 74
18 97
11 70
17 51
77 78
24 87
49 69
38 57
21 78
1 26
24 49
19 79
82 91
50 62
9 36
8 97
4 70
38 75
45 80
29 45
13 68
38 70
14 45
27 48
13 29
15 100
55 69
22 67
26 80
23 70
27 28
45 52
25 61
9 87
49 52
19 84
56 89
49 96
8 16
40 70
9 33
38 38
31 72
10 49
19 53
51 80
44 78
27 96
38 54
55 78
18 34
4 73
44 93
11 86
44 67
61 94
3 99
66 89
22 35
58 85
5 97
19 36
4 27
25 72
51 94
64 92
44 60
70 71
81 85
13 28
2 21
6 81
58 85
43 65
3 31
4 56
22 64
9 92
7 82
67 95
18 34
30 55
17 100
18 99
23 96
39 42
31 42
48 58
29 67
82 85
49 70
15 66
59 89
48 62
21 94
1 45
33 81
2 26
17 78
16 25
88 88
57 77
25 39
22 62
26 84
46 81
57 62
32 96
10 58
22 33
61 71
60 60
4 81
3 26
44 79
44 91
11 43
50 99
84 84
17 48
2 54
60 82
53 78
18 85
2 13
40 100
11 12
56 86
10 54
15 81
52 53
8 98
43 98
26 28
44 75
42 47
36 99
3 56
64 90
31 41
24 65
61 100
6 72
40 90
72 72
38 55
14 38
67 84
22 49
21 29
1 25
15 93
71 99
35 43
25 36
86 88
10 27
19 83
33 43
1 37
51 57
12 87
11 40
24 95
82 97
2 52
43 72
37 72
90 92
51 71
5 42
